113 114 0.017483 0.170253 147.057921 -13.671616 -23.163094 -0.526175
112 113 -0.064953 0.191906 -154.059960 0.757781 23.068902 -0.000254
111 112 0.030379 0.119803 76.652134 -12.666250 -20.655872 -0.206603
110 111 0.103521 -0.070007 69.504798 -35.216990 16.761534 -0.207113
109 110 0.103256 0.164161 114.304152 12.899936 48.424369 -0.107010
108 109 0.059990 0.103952 126.366654 25.205014 -27.012906 0.168353
107 108 -0.002135 0.174430 -174.636294 -30.577361 0.761488 -0.583230
106 107 -0.132173 0.182133 -76.430326 32.155436 -9.599754 -0.227824
105 106 0.128839 0.016915 104.879798 3.968732 7.423314 -0.100971
104 105 0.036058 -0.036676 -19.509231 6.269426 -5.438094 -0.029080
103 104 0.117630 0.176258 99.285440 34.642815 -15.405447 -0.269410
115 103 0.075935 0.176515 126.512167 -23.142664 15.364503 1.392975
116 115 0.023017 0.198006 -159.083834 22.231344 3.749338 0.648172
117 116 0.014859 0.140448 -151.478479 -7.392630 20.084742 0.056158
118 117 -0.035018 0.071216 31.407732 36.556669 -15.550877 -0.073235
119 118 0.069222 -0.011167 100.974706 7.910035 -21.832945 0.007162
20 119 0.088710 0.140797 178.821026 -39.197431 -12.868880 2.585390
19 20 -0.038268 0.209658 -131.115994 9.368269 -6.630950 0.140096
18 19 0.123643 0.213014 160.854822 21.270615 15.106227 -0.019898
16 18 -0.012286 0.172139 -154.374799 8.667894 -28.730049 -0.050805
15 16 0.041275 -0.072372 26.084775 6.064453 -6.738959 0.057016
14 15 0.025484 -0.022444 54.138164 11.329247 2.528648 -0.100838
13 14 0.089040 -0.003783 38.744990 15.168504 -6.593542 -0.082456
12 13 0.046076 0.013179 27.719128 10.106695 -16.087254 -0.118591
11 12 -0.049900 0.019519 -85.043185 -6.994888 -0.484658 -0.080537
10 11 -0.063270 0.145101 -148.190562 4.930154 10.379002 0.298835
9 10 0.008030 -0.020304 20.940425 -2.232676 15.007833 -0.248541
8 9 0.058429 0.007415 91.952848 -5.363805 -8.338728 0.084605
7 8 -0.044602 -0.012438 -40.173459 25.844066 7.356854 -0.247009
6 7 0.157441 0.017390 61.872048 13.504775 22.049475 -0.289236
5 6 -0.002491 0.062796 102.056313 24.794923 -5.227804 -0.415120
4 5 0.090263 0.067679 55.228772 -5.068203 -28.042777 -0.611933
3 4 0.131975 0.072990 140.541988 -16.411981 -11.353401 -0.153407
2 3 0.014277 0.072005 -67.375468 6.940342 12.864388 -0.134531
1 2 0.241770 -0.067244 -103.325466 -27.940740 16.208885 -0.015279
16 17 0.096763 0.074938 177.763358 -22.695479 19.591547 -5.684863
20 21 -0.069512 0.078836 -57.540380 -21.723671 -12.178028 -0.063582
21 22 -0.050626 0.090036 -68.729341 -23.815543 2.895685 0.011533
22 23 -0.053402 -0.052491 -43.521653 -6.804821 19.292166 0.001835
23 24 0.035882 0.153286 -141.618413 3.905928 -5.955305 0.029683
24 25 0.275984 0.378602 173.325841 -5.008427 6.570665 0.082159
25 26 -0.314428 0.233231 -80.083461 0.525048 8.895523 0.002980
26 27 0.044754 0.120934 -149.409651 -1.436353 -16.229858 -0.063237
27 28 -0.018754 0.062109 -16.762855 -0.230524 -5.987764 -0.042928
28 29 0.139992 0.037984 93.424616 10.580142 -1.709406 0.013441
29 30 -0.080084 0.116657 -68.103675 3.363852 -13.909009 -0.981442
30 31 0.065734 0.112657 110.224482 -0.162741 13.256353 1.308604
31 32 -0.022424 0.069002 -106.816259 -26.821077 -2.086649 -1.515317
32 33 0.001584 0.179692 -105.912877 0.796451 15.263709 -1.714313
33 34 0.226974 0.121693 140.285669 -21.956780 8.127533 -0.331247
34 35 0.112294 0.010528 101.749544 15.955574 4.378958 -0.289502
35 36 0.121504 0.122426 156.675259 -10.369263 -16.158563 -1.072247
36 37 -0.043317 0.066258 -83.843493 -2.428346 9.840677 -1.013529
37 38 0.000798 -0.016734 23.269635 4.860598 23.992346 -0.119539
38 39 0.050763 0.187415 147.173464 14.946580 -18.456138 -0.142817
39 40 0.102200 0.079520 107.581608 12.845210 20.313629 0.020563
40 41 -0.031709 0.132971 -78.380238 12.822689 7.309004 0.070920
41 42 0.111909 -0.040165 48.445791 -8.543193 13.722633 -0.138730
42 43 -0.112123 0.039563 -24.527831 -12.322460 -2.853529 0.080890
43 44 0.124450 0.008449 0.709564 -15.448271 -1.766993 0.030398
44 45 0.109060 -0.226741 107.332026 -1.390044 37.947429 1.203458
45 46 0.149361 0.064384 158.772015 13.720050 -8.103677 1.677087
46 47 0.083157 0.174141 -167.657665 2.822339 13.316378 0.053503
47 48 0.013067 0.125121 -116.113365 14.983875 -5.594555 0.222667
31 49 0.057218 -0.020307 15.019557 20.119255 10.366976 -0.702976
49 50 0.001300 0.007649 -5.301545 14.150515 3.289018 -0.267727
50 51 0.163419 0.065520 116.729664 -28.603472 -3.307871 -0.267361
51 52 -0.097085 0.165044 -112.070626 6.363022 10.552582 -0.052542
52 53 0.179109 0.099546 123.643057 -30.986632 1.154549 -0.481371
53 54 0.132001 -0.109756 144.247971 6.151000 24.919663 -0.565044
54 55 -0.006380 -0.024727 123.011955 28.539893 28.098709 0.289374
55 56 -0.042826 -0.004014 -131.706500 19.233168 7.306128 -0.363173
56 57 0.067918 0.089442 -55.574980 -20.973976 -2.490792 0.143835
57 58 0.168689 0.068526 158.335841 12.199408 6.428483 -0.072211
58 59 -0.014281 0.198718 -100.469009 13.026722 -10.026989 -0.088506
59 60 0.159798 0.044189 97.960342 10.948694 14.225592 -0.073121
60 61 -0.028106 0.134162 -148.885531 6.095902 3.664625 -0.166439
61 62 0.385192 0.001854 -89.357518 -2.399349 -10.466723 0.069840
62 63 0.025307 -0.043474 73.588813 11.401018 20.834581 0.087721
63 64 0.132947 0.074555 141.424353 5.293483 17.372722 -0.103238
64 65 -0.073380 0.063665 5.391219 0.996439 13.932418 0.194343
61 66 -0.047784 0.239157 163.365925 20.520050 19.005838 0.176697
66 67 0.040144 0.053918 47.115621 3.355839 24.896433 0.290006
67 68 -0.051963 0.097623 -134.508571 25.894260 4.475672 0.342070
68 69 0.085081 -0.060041 55.428801 32.055174 6.945066 0.162261
69 70 0.075871 0.206191 -92.293703 16.959030 -26.501164 0.487040
70 71 0.131816 0.168628 -161.308219 -16.845124 5.953439 0.502849
71 72 -0.026263 0.050553 -85.222977 20.187522 6.797660 0.362570
72 73 -0.009819 -0.048846 70.286533 -8.066627 12.610349 0.278098
73 74 -0.021338 0.057511 -134.096863 14.492128 -7.149266 0.379979
71 75 0.029306 0.079266 176.613389 19.905454 21.766650 1.311708
75 76 0.074583 0.070490 125.873917 -18.171803 7.819664 0.816939
103 102 -0.114542 0.067426 -78.132105 36.303896 -16.661524 -0.196436
102 101 -0.051296 0.135293 -88.511008 -12.788396 -24.685548 -0.148925
101 100 -0.080383 0.097013 -110.373133 -15.326195 16.158831 0.037662
100 99 0.077513 0.019321 3.277942 -21.605066 23.659577 0.277759
99 98 0.075197 0.048159 87.807349 -22.384130 -18.938891 -0.153714
98 97 0.148331 0.052970 67.860254 7.032960 -27.711778 0.132322
97 96 0.015589 0.044931 -27.935302 -2.856972 -12.009129 0.082464
96 95 0.081883 0.184518 -137.027551 -6.775969 10.739775 -0.081014
95 94 0.087316 0.149340 166.240532 3.942865 -18.442142 -0.194248
94 93 0.154182 0.031716 90.841190 18.360673 7.128069 -0.071442
93 92 0.119868 -0.129215 82.186719 -13.482513 30.542707 0.027896
92 91 -0.013763 -0.007667 5.287360 -6.759070 15.502397 0.050283
91 90 -0.084370 0.084088 -55.555056 17.187290 9.628198 -0.107098
90 89 -0.025269 0.145673 -141.227994 -8.410150 -20.047133 0.065754
89 88 0.016774 0.101420 -98.001177 -26.248007 -1.151411 -0.264318
88 87 -0.318851 0.388467 -134.542826 28.014667 15.253517 -0.534790
87 86 0.020951 0.076981 -77.102712 20.106092 -13.926749 1.077187
86 85 0.001161 -0.076603 66.334952 22.639319 13.440954 -0.220277
85 84 0.030268 0.096736 -105.573362 -0.515421 -23.629312 -0.279857
84 83 0.086217 0.180369 -164.606667 -7.253070 11.072982 -0.082927
83 82 0.106887 -0.107292 29.382796 1.694850 17.203487 -0.134564
82 77 -0.123663 -0.029599 27.066165 -7.142136 22.926847 -0.841596
82 78 -0.020164 0.090131 -67.981479 -9.237218 30.530790 0.392136
78 79 -0.156933 0.075558 -114.727724 13.588581 -28.403396 0.396892
83 80 0.039505 0.103920 177.695483 20.213628 -10.409552 -0.175486
80 81 -0.105855 0.206020 -91.397534 2.760933 -17.901803 -2.365604
80 124 -0.037962 0.034334 61.969324 -10.078644 46.729625 0.379957
124 125 -0.108695 0.111252 178.147344 18.133052 -7.282522 0.443842
125 126 -0.059513 0.045790 -130.009479 -19.951056 -18.977056 0.026164
126 127 -0.072234 0.272774 -61.820118 -20.213461 0.598400 0.132404
127 128 -0.005013 -0.009640 -159.546934 26.759515 22.241398 0.651649
128 129 -0.320282 0.072928 32.708038 34.077576 1.926312 -1.159142
129 130 -0.010799 0.131715 177.040791 -11.880112 -7.200820 -0.018100
130 131 -0.000948 0.025089 13.473877 -18.901805 -19.702816 -0.062079
131 132 -0.007850 -0.024272 -61.428994 -24.932244 6.144869 -0.372896
132 133 -0.056853 0.080059 -52.355171 -9.223448 23.734703 0.207811
133 134 0.078186 0.154723 165.511066 3.042646 -26.183149 -0.117728
134 135 0.070069 0.094206 133.755037 13.572978 20.096590 -0.153062
135 136 -0.094056 0.171128 -125.526704 6.556514 -22.223151 -0.431576
136 137 -0.075668 0.133420 -124.340258 -28.146040 7.393695 0.067990
137 138 0.068525 0.080488 49.630368 -25.864222 -12.134271 -0.040258
138 139 -0.030199 -0.002919 3.626648 -16.281983 -14.884702 -0.115881
139 140 0.055598 0.026178 0.206141 -18.325980 -19.800959 -0.211863
140 141 -0.168931 -0.104626 66.287771 11.191971 -33.100297 -0.406230
141 142 -0.099967 -0.050903 14.764522 18.123431 -20.121918 -0.256125
142 143 -0.100441 0.105470 -127.990688 -18.096234 -7.105641 0.518437
143 144 0.011686 -0.017651 -15.489778 -19.458448 4.324673 0.288836
144 145 0.085583 0.057803 54.781082 -15.142769 -14.436073 -0.506152
145 146 -0.145801 0.199228 -120.502596 8.266155 15.654336 0.129416
146 147 0.024426 0.333827 120.178604 -6.724878 -18.456526 -0.027238
147 148 -0.173796 -0.080111 -53.343976 -23.250532 2.632531 -0.051435
148 149 0.125753 -0.155059 -50.125855 -18.387769 18.850260 0.363630
119 120 -0.015138 0.084971 -56.823235 -32.855727 -7.200858 -0.013623
120 121 -0.086138 0.054979 -22.797491 -11.411898 29.157804 0.063258
121 122 0.021244 -0.054278 -8.784282 -10.130597 31.091944 -1.632305
122 123 -0.090253 0.073315 -85.984327 13.600276 -20.200369 -0.048826
