19 20 -0.038268 0.209658 -131.115994 9.368269 -6.630950 0.140096
18 19 0.123643 0.213014 160.854822 21.270615 15.106227 -0.019898
16 18 -0.012286 0.172139 -154.374799 8.667894 -28.730049 -0.050805
15 16 0.041275 -0.072372 26.084775 6.064453 -6.738959 0.057016
14 15 0.025484 -0.022444 54.138164 11.329247 2.528648 -0.100838
13 14 0.089040 -0.003783 38.744990 15.168504 -6.593542 -0.082456
12 13 0.046076 0.013179 27.719128 10.106695 -16.087254 -0.118591
11 12 -0.049900 0.019519 -85.043185 -6.994888 -0.484658 -0.080537
10 11 -0.063270 0.145101 -148.190562 4.930154 10.379002 0.298835
9 10 0.008030 -0.020304 20.940425 -2.232676 15.007833 -0.248541
8 9 0.058429 0.007415 91.952848 -5.363805 -8.338728 0.084605
7 8 -0.044602 -0.012438 -40.173459 25.844066 7.356854 -0.247009
6 7 0.157441 0.017390 61.872048 13.504775 22.049475 -0.289236
5 6 -0.002491 0.062796 102.056313 24.794923 -5.227804 -0.415120
4 5 0.090263 0.067679 55.228772 -5.068203 -28.042777 -0.611933
3 4 0.131975 0.072990 140.541988 -16.411981 -11.353401 -0.153407
2 3 0.014277 0.072005 -67.375468 6.940342 12.864388 -0.134531
1 2 0.241770 -0.067244 -103.325466 -27.940740 16.208885 -0.015279
16 17 0.096763 0.074938 177.763358 -22.695479 19.591547 -5.684863
20 21 -0.069512 0.078836 -57.540380 -21.723671 -12.178028 -0.063582
21 22 -0.050626 0.090036 -68.729341 -23.815543 2.895685 0.011533
22 23 -0.053402 -0.052491 -43.521653 -6.804821 19.292166 0.001835
23 24 0.035882 0.153286 -141.618413 3.905928 -5.955305 0.029683
24 25 0.275984 0.378602 173.325841 -5.008427 6.570665 0.082159
25 26 -0.314428 0.233231 -80.083461 0.525048 8.895523 0.002980
26 27 0.044754 0.120934 -149.409651 -1.436353 -16.229858 -0.063237
27 28 -0.018754 0.062109 -16.762855 -0.230524 -5.987764 -0.042928
28 29 0.139992 0.037984 93.424616 10.580142 -1.709406 0.013441
29 30 -0.080084 0.116657 -68.103675 3.363852 -13.909009 -0.981442
